OUTMCI_LU2000_du1p1_spin0_M2000.root, 10000, 6250, 1659, 286
OUTMCI_LU2000_du1p1_spin0_M500_2000.root, 10000, 2805, 2870, 522
OUTMCI_LU2000_du1p1_spin2_M2000.root, 10000, 5208, 1680, 632
OUTMCI_LU2000_du1p1_spin2_M500_2000.root, 10000, 1835, 2868, 512
OUTMCI_LU2000_du1p5_spin0_M2000.root, 10000, 3526, 1586, 579
OUTMCI_LU2000_du1p5_spin0_M500_2000.root, 10000, 1821, 2845, 547
OUTMCI_LU2000_du1p5_spin2_M2000.root, 10000, 3107, 1675, 699
OUTMCI_LU2000_du1p5_spin2_M500_2000.root, 10000, 1777, 2802, 560
OUTMCI_LU2000_du1p6_spin0_M2000.root, 10000, 2985, 1569, 646
OUTMCI_LU2000_du1p6_spin0_M500_2000.root, 10000, 1742, 2819, 602
OUTMCI_LU2000_du1p6_spin2_M2000.root, 10000, 3013, 1653, 657
OUTMCI_LU2000_du1p6_spin2_M500_2000.root, 10000, 1789, 2778, 598
OUTMCI_LU2000_du1p8_spin0_M2000.root, 10000, 2625, 1603, 691
OUTMCI_LU2000_du1p8_spin0_M500_2000.root, 10000, 1817, 2776, 573
OUTMCI_LU2000_du1p8_spin2_M2000.root, 10000, 3074, 1710, 635
OUTMCI_LU2000_du1p8_spin2_M500_2000.root, 10000, 1788, 2870, 567
OUTSM_M2000.root, 10000, 1664, 1702, 764
OUTSM_M500_2000.root, 0, 0, 0, 0
OUTSM_M500_2000.root, 10000, 1791, 2765, 591
OUTLUSM_du1p8_spin0_M500_2000.root, 10000, 1817, 2776, 573
OUTSM_M500_2000.root, 10000, 1791, 2765, 591
OUTSM_M2000.root, 10000, 1664, 1702, 764
OUTLUSM_du1p1_spin0_M2000.root, 10000, 6250, 1659, 286
OUTLUSM_du1p1_spin0_M500_2000.root, 10000, 2805, 2870, 522
OUTLUSM_du1p1_spin2_M2000.root, 10000, 5208, 1680, 632
OUTLUSM_du1p1_spin2_M500_2000.root, 10000, 1835, 2868, 512
OUTLUSM_du1p5_spin0_M2000.root, 10000, 3526, 1586, 579
OUTLUSM_du1p5_spin0_M500_2000.root, 10000, 1821, 2845, 547
OUTLUSM_du1p5_spin2_M2000.root, 10000, 3107, 1675, 699
OUTLUSM_du1p5_spin2_M500_2000.root, 10000, 1777, 2802, 560
OUTLUSM_du1p6_spin0_M2000.root, 10000, 2985, 1569, 646
OUTLUSM_du1p6_spin0_M500_2000.root, 10000, 1742, 2819, 602
OUTLUSM_du1p6_spin2_M2000.root, 10000, 3013, 1653, 657
OUTLUSM_du1p8_spin0_M2000.root, 10000, 2625, 1603, 691
OUTLUSM_du1p8_spin2_M2000.root, 10000, 3074, 1710, 635
OUTLUSM_du1p6_spin2_M500_2000.root, 10000, 1789, 2778, 598
OUTLUSM_du1p8_spin2_M500_2000.root, 10000, 1788, 2870, 567
OUTLUSM_du1p8_spin0_M500_2000.root, 10000, 1817, 2776, 573
OUTSM_M500_2000.root, 10000, 1791, 2765, 591
OUTSM_M2000.root, 10000, 1664, 1702, 764
OUTLUSM_du1p1_spin0_M2000.root, 10000, 6250, 1659, 286
OUTLUSM_du1p1_spin0_M500_2000.root, 10000, 2805, 2870, 522
OUTLUSM_du1p1_spin2_M2000.root, 10000, 5208, 1680, 632
OUTLUSM_du1p1_spin2_M500_2000.root, 10000, 1835, 2868, 512
OUTLUSM_du1p5_spin0_M2000.root, 10000, 3526, 1586, 579
OUTLUSM_du1p5_spin0_M500_2000.root, 10000, 1821, 2845, 547
OUTLUSM_du1p5_spin2_M2000.root, 10000, 3107, 1675, 699
OUTLUSM_du1p5_spin2_M500_2000.root, 10000, 1777, 2802, 560
OUTLUSM_du1p6_spin0_M2000.root, 10000, 2985, 1569, 646
OUTLUSM_du1p6_spin0_M500_2000.root, 10000, 1742, 2819, 602
OUTLUSM_du1p6_spin2_M2000.root, 10000, 3013, 1653, 657
OUTLUSM_du1p8_spin0_M2000.root, 10000, 2625, 1603, 691
OUTLUSM_du1p8_spin2_M2000.root, 10000, 3074, 1710, 635
OUTLUSM_du1p6_spin2_M500_2000.root, 10000, 1789, 2778, 598
OUTLUSM_du1p8_spin2_M500_2000.root, 10000, 1788, 2870, 567
OUTLUSM_du1p8_spin0_M500_2000.root, 10000, 1817, 2776, 573
OUTSM_M500_2000.root, 10000, 1791, 2765, 591
OUTSM_M2000.root, 10000, 1664, 1702, 764
OUTLUSM_du1p1_spin0_M2000.root, 10000, 6250, 1659, 286
OUTLUSM_du1p1_spin0_M500_2000.root, 10000, 2805, 2870, 522
OUTLUSM_du1p1_spin2_M2000.root, 10000, 5208, 1680, 632
OUTLUSM_du1p1_spin2_M500_2000.root, 10000, 1835, 2868, 512
OUTLUSM_du1p5_spin0_M2000.root, 10000, 3526, 1586, 579
OUTLUSM_du1p5_spin0_M500_2000.root, 10000, 1821, 2845, 547
OUTLUSM_du1p5_spin2_M2000.root, 10000, 3107, 1675, 699
OUTLUSM_du1p5_spin2_M500_2000.root, 10000, 1777, 2802, 560
OUTLUSM_du1p6_spin0_M2000.root, 10000, 2985, 1569, 646
OUTLUSM_du1p6_spin0_M500_2000.root, 10000, 1742, 2819, 602
OUTLUSM_du1p6_spin2_M2000.root, 10000, 3013, 1653, 657
OUTLUSM_du1p8_spin0_M2000.root, 10000, 2625, 1603, 691
OUTLUSM_du1p8_spin2_M2000.root, 10000, 3074, 1710, 635
OUTLUSM_du1p6_spin2_M500_2000.root, 10000, 1789, 2778, 598
OUTLUSM_du1p8_spin2_M500_2000.root, 10000, 1788, 2870, 567
OUTLUSM_du1p8_spin0_M500_2000.root, 10000, 1817, 2776, 573
OUTSM_M500_2000.root, 10000, 1791, 2765, 591
OUTSM_M2000.root, 10000, 1664, 1702, 764
OUTLUSM_du1p1_spin0_M2000.root, 10000, 6250, 1659, 286
OUTLUSM_du1p1_spin0_M500_2000.root, 10000, 2805, 2870, 522
OUTLUSM_du1p1_spin2_M2000.root, 10000, 5208, 1680, 632
OUTLUSM_du1p1_spin2_M500_2000.root, 10000, 1835, 2868, 512
OUTLUSM_du1p5_spin0_M2000.root, 10000, 3526, 1586, 579
OUTLUSM_du1p5_spin0_M500_2000.root, 10000, 1821, 2845, 547
OUTLUSM_du1p5_spin2_M2000.root, 10000, 3107, 1675, 699
OUTLUSM_du1p5_spin2_M500_2000.root, 10000, 1777, 2802, 560
OUTLUSM_du1p6_spin0_M2000.root, 10000, 2985, 1569, 646
OUTLUSM_du1p6_spin0_M500_2000.root, 10000, 1742, 2819, 602
OUTLUSM_du1p6_spin2_M2000.root, 10000, 3013, 1653, 657
OUTLUSM_du1p8_spin0_M2000.root, 10000, 2625, 1603, 691
OUTLUSM_du1p8_spin2_M2000.root, 10000, 3074, 1710, 635
OUTLUSM_du1p6_spin2_M500_2000.root, 10000, 1789, 2778, 598
OUTLUSM_du1p8_spin2_M500_2000.root, 10000, 1788, 2870, 567
OUTLUSM_du1p8_spin0_M500_2000.root, 10000, 1817, 2776, 573
OUTSM_M500_2000.root, 10000, 1791, 2765, 591
OUTSM_M2000.root, 10000, 1664, 1702, 764
OUTLUSM_du1p1_spin0_M2000.root, 10000, 6250, 1659, 286
OUTLUSM_du1p1_spin0_M500_2000.root, 10000, 2805, 2870, 522
OUTLUSM_du1p1_spin2_M2000.root, 10000, 5208, 1680, 632
OUTLUSM_du1p1_spin2_M500_2000.root, 10000, 1835, 2868, 512
OUTLUSM_du1p5_spin0_M2000.root, 10000, 3526, 1586, 579
OUTLUSM_du1p5_spin0_M500_2000.root, 10000, 1821, 2845, 547
OUTLUSM_du1p5_spin2_M2000.root, 10000, 3107, 1675, 699
OUTLUSM_du1p5_spin2_M500_2000.root, 10000, 1777, 2802, 560
OUTLUSM_du1p6_spin0_M2000.root, 10000, 2985, 1569, 646
OUTLUSM_du1p6_spin0_M500_2000.root, 10000, 1742, 2819, 602
OUTLUSM_du1p6_spin2_M2000.root, 10000, 3013, 1653, 657
OUTLUSM_du1p8_spin0_M2000.root, 10000, 2625, 1603, 691
OUTLUSM_du1p8_spin2_M2000.root, 10000, 3074, 1710, 635
OUTLUSM_du1p6_spin2_M500_2000.root, 10000, 1789, 2778, 598
OUTLUSM_du1p8_spin2_M500_2000.root, 10000, 1788, 2870, 567
OUTLUSM_du1p8_spin2_M500_2000.root, 10000, 1788, 2870, 567
OUTLUSM_du1p8_spin0_M500_2000.root, 10000, 1817, 2776, 573
OUTLUSM_du1p8_spin2_M500_2000.root, 10000, 1788, 2870, 567
OUTLUSM_du1p1_spin0_M2000.root, 10000, 6250, 1659, 286
OUTLUSM_du1p1_spin0_M500_2000.root, 10000, 2805, 2870, 522
OUTLUSM_du1p1_spin2_M2000.root, 10000, 5208, 1680, 632
OUTLUSM_du1p1_spin2_M500_2000.root, 10000, 1835, 2868, 512
OUTLUSM_du1p5_spin0_M2000.root, 10000, 3526, 1586, 579
OUTLUSM_du1p5_spin0_M500_2000.root, 10000, 1821, 2845, 547
OUTLUSM_du1p5_spin2_M2000.root, 10000, 3107, 1675, 699
OUTLUSM_du1p5_spin2_M500_2000.root, 10000, 1777, 2802, 560
OUTLUSM_du1p6_spin0_M2000.root, 10000, 2985, 1569, 646
OUTLUSM_du1p6_spin0_M500_2000.root, 10000, 1742, 2819, 602
OUTLUSM_du1p6_spin2_M2000.root, 10000, 3013, 1653, 657
OUTLUSM_du1p8_spin0_M2000.root, 10000, 2625, 1603, 691
OUTLUSM_du1p8_spin2_M2000.root, 10000, 3074, 1710, 635
OUTLUSM_du1p6_spin2_M500_2000.root, 10000, 1789, 2778, 598
OUTLU5000_du1p6_spin0_M2000.root, 10000, 1761, 1728, 719
OUTLU5000_du1p5_spin2_M500_2000.root, 10000, 1820, 2768, 550
OUTLU5000_du1p8_spin0_M500_2000.root, 10000, 1803, 2808, 533
OUTLU5000_du1p5_spin0_M500_2000.root, 10000, 1813, 2782, 542
OUTLU5000_du1p1_spin2_M2000.root, 10000, 1329, 1611, 845
OUTLU5000_du1p8_spin2_M2000.root, 10000, 1701, 1652, 762
OUTLU5000_du1p8_spin2_M500_2000.root, 10000, 1858, 2735, 561
OUTLU5000_du1p6_spin2_M500_2000.root, 10000, 1858, 2735, 561
OUTLU5000_du1p1_spin2_M500_2000.root, 10000, 1807, 2723, 555
OUTLU5000_du1p8_spin0_M2000.root, 10000, 1713, 1624, 745
OUTLU5000_du1p1_spin0_M2000.root, 10000, 3654, 1679, 562
OUTLU5000_du1p1_spin0_M500_2000.root, 10000, 1977, 2762, 539
OUTLU5000_du1p5_spin2_M2000.root, 10000, 1774, 1611, 752
OUTLU5000_du1p5_spin0_M2000.root, 10000, 1777, 1668, 712
OUTLU5000_du1p6_spin2_M2000.root, 10000, 1756, 1677, 802
OUTLU5000_du1p6_spin0_M500_2000.root, 10000, 1796, 2801, 536
OUTLU2000_du1p8_spin0_M500_2000.root, 10000, 1817, 2776, 573
OUTLU2000_du1p8_spin2_M500_2000.root, 10000, 1788, 2870, 567
OUTLU2000_du1p1_spin0_M2000.root, 10000, 6250, 1659, 286
OUTLU2000_du1p1_spin0_M500_2000.root, 10000, 2805, 2870, 522
OUTLU2000_du1p1_spin2_M2000.root, 10000, 5208, 1680, 632
OUTLU2000_du1p1_spin2_M500_2000.root, 10000, 1835, 2868, 512
OUTLU2000_du1p5_spin0_M2000.root, 10000, 3526, 1586, 579
OUTLU2000_du1p5_spin0_M500_2000.root, 10000, 1821, 2845, 547
OUTLU2000_du1p5_spin2_M2000.root, 10000, 3107, 1675, 699
OUTLU2000_du1p5_spin2_M500_2000.root, 10000, 1777, 2802, 560
OUTLU2000_du1p6_spin0_M2000.root, 10000, 2985, 1569, 646
OUTLU2000_du1p6_spin0_M500_2000.root, 10000, 1742, 2819, 602
OUTLU2000_du1p6_spin2_M2000.root, 10000, 3013, 1653, 657
OUTLU2000_du1p8_spin0_M2000.root, 10000, 2625, 1603, 691
OUTLU2000_du1p8_spin2_M2000.root, 10000, 3074, 1710, 635
OUTLU2000_du1p8_spin0_M500_2000.root, 10000, 1817, 2776, 573
OUTLU2000_du1p8_spin2_M500_2000.root, 10000, 1788, 2870, 567
OUTLU2000_du1p1_spin0_M2000.root, 10000, 6250, 1659, 286
OUTLU2000_du1p1_spin0_M500_2000.root, 10000, 2805, 2870, 522
OUTLU2000_du1p1_spin2_M2000.root, 10000, 5208, 1680, 632
OUTLU2000_du1p1_spin2_M500_2000.root, 10000, 1835, 2868, 512
OUTLU2000_du1p5_spin0_M2000.root, 10000, 3526, 1586, 579
OUTLU2000_du1p5_spin0_M500_2000.root, 10000, 1821, 2845, 547
OUTLU2000_du1p5_spin2_M2000.root, 10000, 3107, 1675, 699
OUTLU2000_du1p5_spin2_M500_2000.root, 10000, 1777, 2802, 560
OUTLU2000_du1p6_spin0_M2000.root, 10000, 2985, 1569, 646
OUTLU2000_du1p6_spin0_M500_2000.root, 10000, 1742, 2819, 602
OUTLU2000_du1p6_spin2_M2000.root, 10000, 3013, 1653, 657
OUTLU2000_du1p8_spin0_M2000.root, 10000, 2625, 1603, 691
OUTLU2000_du1p8_spin2_M2000.root, 10000, 3074, 1710, 635
OUTLU2000_du1p6_spin2_M500_2000.root, 10000, 1789, 2778, 598
OUTLU5000_du1p6_spin0_M2000.root, 10000, 1761, 1728, 719
OUTLU5000_du1p5_spin2_M500_2000.root, 10000, 1820, 2768, 550
OUTLU5000_du1p8_spin0_M500_2000.root, 10000, 1803, 2808, 533
OUTLU5000_du1p5_spin0_M500_2000.root, 10000, 1813, 2782, 542
OUTLU5000_du1p1_spin2_M2000.root, 10000, 1329, 1611, 845
OUTLU5000_du1p8_spin2_M2000.root, 10000, 1701, 1652, 762
OUTLU5000_du1p8_spin2_M500_2000.root, 10000, 1858, 2735, 561
OUTLU5000_du1p6_spin2_M500_2000.root, 10000, 1858, 2735, 561
OUTSM_M2000.root, 10000, 1664, 1702, 764
OUTLU5000_du1p1_spin2_M500_2000.root, 10000, 1807, 2723, 555
OUTLU5000_du1p8_spin0_M2000.root, 10000, 1713, 1624, 745
OUTLU5000_du1p1_spin0_M2000.root, 10000, 3654, 1679, 562
OUTLU5000_du1p1_spin0_M500_2000.root, 10000, 1977, 2762, 539
OUTLU5000_du1p5_spin2_M2000.root, 10000, 1774, 1611, 752
OUTLU5000_du1p5_spin0_M2000.root, 10000, 1777, 1668, 712
OUTLU5000_du1p6_spin2_M2000.root, 10000, 1756, 1677, 802
OUTSM_M500_2000.root, 10000, 1791, 2765, 591
OUTLU5000_du1p6_spin0_M500_2000.root, 10000, 1796, 2801, 536
OUTLU2000_du1p8_spin0_M500_2000.root, 10000, 1817, 2776, 573
OUTLU2000_du1p8_spin0_M500_2000.root, 10000, 1817, 2776, 573
OUTLU2000_du1p8_spin2_M500_2000.root, 10000, 1788, 2870, 567
OUTLU2000_du1p1_spin0_M2000.root, 10000, 6250, 1659, 286
OUTLU2000_du1p1_spin0_M500_2000.root, 10000, 2805, 2870, 522
OUTLU2000_du1p1_spin2_M2000.root, 10000, 5208, 1680, 632
OUTLU2000_du1p1_spin2_M500_2000.root, 10000, 1835, 2868, 512
OUTLU2000_du1p5_spin0_M2000.root, 10000, 3526, 1586, 579
OUTLU2000_du1p5_spin0_M500_2000.root, 10000, 1821, 2845, 547
OUTLU2000_du1p5_spin2_M2000.root, 10000, 3107, 1675, 699
OUTLU2000_du1p5_spin2_M500_2000.root, 10000, 1777, 2802, 560
OUTLU2000_du1p6_spin0_M2000.root, 10000, 2985, 1569, 646
OUTLU2000_du1p6_spin0_M500_2000.root, 10000, 1742, 2819, 602
OUTLU2000_du1p6_spin2_M2000.root, 10000, 3013, 1653, 657
OUTLU2000_du1p8_spin0_M2000.root, 10000, 2625, 1603, 691
OUTLU2000_du1p8_spin2_M2000.root, 10000, 3074, 1710, 635
OUTSM_M2000.root, 10000, 1664, 1702, 764
OUTSM_M500_2000.root, 10000, 1791, 2765, 591
OUTLU2000_du1p6_spin2_M500_2000.root, 10000, 1789, 2778, 598
OUTLU5000_du1p6_spin0_M2000.root, 10000, 1761, 1728, 719
OUTLU5000_du1p5_spin2_M500_2000.root, 10000, 1820, 2768, 550
OUTLU5000_du1p8_spin0_M500_2000.root, 10000, 1803, 2808, 533
OUTLU5000_du1p5_spin0_M500_2000.root, 10000, 1813, 2782, 542
OUTLU5000_du1p1_spin2_M2000.root, 10000, 1329, 1611, 845
OUTLU5000_du1p8_spin2_M2000.root, 10000, 1701, 1652, 762
OUTLU5000_du1p8_spin2_M500_2000.root, 10000, 1858, 2735, 561
OUTLU5000_du1p6_spin2_M500_2000.root, 10000, 1858, 2735, 561
OUTLU5000_du1p1_spin2_M500_2000.root, 10000, 1807, 2723, 555
OUTLU5000_du1p8_spin0_M2000.root, 10000, 1713, 1624, 745
OUTLU5000_du1p1_spin0_M2000.root, 10000, 3654, 1679, 562
OUTLU5000_du1p1_spin0_M500_2000.root, 10000, 1977, 2762, 539
OUTLU5000_du1p5_spin2_M2000.root, 10000, 1774, 1611, 752
OUTLU5000_du1p5_spin0_M2000.root, 10000, 1777, 1668, 712
OUTLU5000_du1p6_spin2_M2000.root, 10000, 1756, 1677, 802
OUTLU5000_du1p6_spin0_M500_2000.root, 10000, 1796, 2801, 536
OUTLU2000_du1p8_spin0_M500_2000.root, 10000, 1817, 2776, 573
OUTLU2000_du1p8_spin2_M500_2000.root, 10000, 1788, 2870, 567
OUTLU2000_du1p1_spin0_M2000.root, 10000, 6250, 1659, 286
OUTLU2000_du1p1_spin0_M500_2000.root, 10000, 2805, 2870, 522
OUTLU2000_du1p1_spin2_M2000.root, 10000, 5208, 1680, 632
OUTLU2000_du1p1_spin2_M500_2000.root, 10000, 1835, 2868, 512
OUTLU2000_du1p5_spin0_M2000.root, 10000, 3526, 1586, 579
OUTLU2000_du1p5_spin0_M500_2000.root, 10000, 1821, 2845, 547
OUTLU2000_du1p5_spin2_M2000.root, 10000, 3107, 1675, 699
OUTLU2000_du1p5_spin2_M500_2000.root, 10000, 1777, 2802, 560
OUTLU2000_du1p6_spin0_M2000.root, 10000, 2985, 1569, 646
OUTLU2000_du1p6_spin0_M500_2000.root, 10000, 1742, 2819, 602
OUTLU2000_du1p6_spin2_M2000.root, 10000, 3013, 1653, 657
OUTLU2000_du1p8_spin0_M2000.root, 10000, 2625, 1603, 691
OUTLU2000_du1p8_spin2_M2000.root, 10000, 3074, 1710, 635
OUTLU2000_du1p6_spin2_M500_2000.root, 10000, 1789, 2778, 598
OUTLU5000_du1p6_spin0_M2000.root, 10000, 1761, 1728, 719
OUTLU5000_du1p5_spin2_M500_2000.root, 10000, 1820, 2768, 550
OUTLU5000_du1p8_spin0_M500_2000.root, 10000, 1803, 2808, 533
OUTLU5000_du1p5_spin0_M500_2000.root, 10000, 1813, 2782, 542
OUTLU5000_du1p1_spin2_M2000.root, 10000, 1329, 1611, 845
OUTLU5000_du1p8_spin2_M2000.root, 10000, 1701, 1652, 762
OUTLU5000_du1p8_spin2_M500_2000.root, 10000, 1858, 2735, 561
OUTLU5000_du1p6_spin2_M500_2000.root, 10000, 1858, 2735, 561
OUTLU5000_du1p1_spin2_M500_2000.root, 10000, 1807, 2723, 555
OUTLU5000_du1p8_spin0_M2000.root, 10000, 1713, 1624, 745
OUTLU5000_du1p1_spin0_M2000.root, 10000, 3654, 1679, 562
OUTLU5000_du1p1_spin0_M500_2000.root, 10000, 1977, 2762, 539
OUTLU5000_du1p5_spin2_M2000.root, 10000, 1774, 1611, 752
OUTLU5000_du1p5_spin0_M2000.root, 10000, 1777, 1668, 712
OUTLU5000_du1p6_spin2_M2000.root, 10000, 1756, 1677, 802
OUTLU5000_du1p6_spin0_M500_2000.root, 10000, 1796, 2801, 536
OUTLU1000_du1p1_spin0_M2000.root, 10000, 6953, 1586, 289
OUTLU1000_du1p1_spin0_M500_2000.root, 10000, 4150, 2756, 410
OUTLU1000_du1p1_spin2_M2000.root, 10000, 6209, 1796, 502
OUTLU1000_du1p1_spin2_M500_2000.root, 10000, 3518, 3159, 378
OUTLU1000_du1p5_spin0_M2000.root, 10000, 6715, 1478, 347
OUTLU1000_du1p5_spin0_M500_2000.root, 10000, 2294, 2800, 560
OUTLU1000_du1p5_spin2_M2000.root, 10000, 6273, 1699, 480
OUTLU1000_du1p5_spin2_M500_2000.root, 10000, 2174, 2860, 562
OUTLU1000_du1p6_spin0_M2000.root, 10000, 6700, 1410, 312
OUTLU1000_du1p6_spin0_M500_2000.root, 10000, 2106, 2887, 525
OUTLU1000_du1p6_spin2_M2000.root, 10000, 6407, 1578, 455
OUTLU1000_du1p6_spin2_M500_2000.root, 10000, 2068, 2829, 548
OUTLU1000_du1p8_spin0_M2000.root, 10000, 6870, 1349, 334
OUTLU1000_du1p8_spin0_M500_2000.root, 10000, 1971, 2808, 519
OUTLU1000_du1p8_spin2_M2000.root, 10000, 6556, 1492, 476
OUTLU1000_du1p8_spin2_M500_2000.root, 10000, 2041, 2867, 520
